255 255 255 255 255 255 255 255 255 255 255 255 255 255 255 255
255 251 223 223 223 223 223 223 223 223 223 223 223 223 251 255
255 223   0   0   0   0   0   0   0   0   0   0   0   0 223 255
255 223   0  53 116 116 116 116 116 116 116 116  72   0 223 255
255 223   0 116 255 255 255 255 255 255 255 255 156   0 223 255
255 223   0  47 101 202 255 255 255 255 202 101  62   0 223 255
255 223   0   0   0 175 255 255 255 255 175   0   0   0 223 255
255 223   0  94 207 240 255 255 255 255 240 207 127   0 223 255
255 223   0  94 207 207 207 246 255 255 255 255 156   0 223 255
255 223   0   0   0   0   0 207 255 255 255 255 156   0 223 255
255 223   0  47 101  41   0 207 240 175 202 255 156   0 223 255
255 223   0 116 255 101   0 207 207   0 101 255 156   0 223 255
255 223   0  72 156  62   0 127 127   0  62 156  95   0 223 255
255 223   0   0   0   0   0   0   0   0   0   0   0   0 223 255
255 251 223 223 223 223 223 223 223 223 223 223 223 223 251 255
255 255 255 255 255 255 255 255 255 255 255 255 255 255 255 255
255 255 255 255 255 255 255 255 255 255 255 255 255 255 255 255
255 251 223 223 223 223 223 223 223 223 223 223 223 223 251 255
255 223   0   0   0   0   0   0   0   0   0   0   0   0 223 255
255 223   0  53 116 116 116 116 116 116 116 116  72   0 223 255
255 223   0 116 255 255 255 255 255 255 255 255 156   0 223 255
255 223   0  47 101 202 255 255 255 255 202 101  62   0 223 255
255 223   0   0   0 175 255 255 255 255 175   0   0   0 223 255
255 223   0  94 207 240 255 255 255 255 240 207 127   0 223 255
255 223   0  94 207 207 207 246 255 255 255 255 156   0 223 255
255 223   0   0   0   0   0 207 255 255 255 255 156   0 223 255
255 223   0  47 101  41   0 207 240 175 202 255 156   0 223 255
255 223   0 116 255 101   0 207 207   0 101 255 156   0 223 255
255 223   0  72 156  62   0 127 127   0  62 156  95   0 223 255
255 223   0   0   0   0   0   0   0   0   0   0   0   0 223 255
255 251 223 223 223 223 223 223 223 223 223 223 223 223 251 255
255 255 255 255 255 255 255 255 255 255 255 255 255 255 255 255
255 255 255 255 255 255 255 255 255 255 255 255 255 255 255 255
255 251 223 223 223 223 223 223 223 223 223 223 223 223 251 255
255 223   0   0   0   0   0   0   0   0   0   0   0   0 223 255
255 223   0  53 116 116 116 116 116 116 116 116  72   0 223 255
255 223   0 116 255 255 255 255 255 255 255 255 156   0 223 255
255 223   0  47 101 202 255 255 255 255 202 101  62   0 223 255
255 223   0   0   0 175 255 255 255 255 175   0   0   0 223 255
255 223   0  94 207 240 255 255 255 255 240 207 127   0 223 255
255 223   0  94 207 207 207 246 255 255 255 255 156   0 223 255
255 223   0   0   0   0   0 207 255 255 255 255 156   0 223 255
255 223   0  47 101  41   0 207 240 175 202 255 156   0 223 255
255 223   0 116 255 101   0 207 207   0 101 255 156   0 223 255
255 223   0  72 156  62   0 127 127   0  62 156  95   0 223 255
255 223   0   0   0   0   0   0   0   0   0   0   0   0 223 255
255 251 223 223 223 223 223 223 223 223 223 223 223 223 251 255
255 255 255 255 255 255 255 255 255 255 255 255 255 255 255 255

255 255 255 255 255 255 255 255 255 255 255 255 255 255 255 255
255 253 231 231 231 231 231 231 231 231 231 231 231 231 253 255
255 231  15   8   8   8   8   8   8   8   8   8   8  15 231 255
255 231   8  34  99  42   0  80  99  99  99  99  38   8 231 255
255 231   8  88 255 109   0 207 255 255 255 255  99   8 231 255
255 231   8  88 255 195 151 235 255 255 195 109  42   8 231 255
255 231   8  88 255 255 255 255 255 255 151   0   0   8 231 255
255 231   8  88 255 255 255 255 255 255 235 207  80   8 231 255
255 231   8  88 255 255 255 255 246 207 207 207  80   8 231 255
255 231   8  88 255 255 255 255 207   0   0   0   0   8 231 255
255 231   8  88 255 195 151 235 207   0  47 109  42   8 231 255
255 231   8  88 255 109   0 207 207   0 109 255  99   8 231 255
255 231   8  30  88  38   0  71  71   0  38  88  34   8 231 255
255 231  15   8   8   8   8   8   8   8   8   8   8  15 231 255
255 253 231 231 231 231 231 231 231 231 231 231 231 231 253 255
255 255 255 255 255 255 255 255 255 255 255 255 255 255 255 255
255 255 255 255 255 255 255 255 255 255 255 255 255 255 255 255
255 253 231 231 231 231 231 231 231 231 231 231 231 231 253 255
255 231  15   8   8   8   8   8   8   8   8   8   8  15 231 255
255 231   8  34  99  42   0  80  99  99  99  99  38   8 231 255
255 231   8  88 255 109   0 207 255 255 255 255  99   8 231 255
255 231   8  88 255 195 151 235 255 255 195 109  42   8 231 255
255 231   8  88 255 255 255 255 255 255 151   0   0   8 231 255
255 231   8  88 255 255 255 255 255 255 235 207  80   8 231 255
255 231   8  88 255 255 255 255 246 207 207 207  80   8 231 255
255 231   8  88 255 255 255 255 207   0   0   0   0   8 231 255
255 231   8  88 255 195 151 235 207   0  47 109  42   8 231 255
255 231   8  88 255 109   0 207 207   0 109 255  99   8 231 255
255 231   8  30  88  38   0  71  71   0  38  88  34   8 231 255
255 231  15   8   8   8   8   8   8   8   8   8   8  15 231 255
255 253 231 231 231 231 231 231 231 231 231 231 231 231 253 255
255 255 255 255 255 255 255 255 255 255 255 255 255 255 255 255
255 255 255 255 255 255 255 255 255 255 255 255 255 255 255 255
255 253 231 231 231 231 231 231 231 231 231 231 231 231 253 255
255 231  15   8   8   8   8   8   8   8   8   8   8  15 231 255
255 231   8  34  99  42   0  80  99  99  99  99  38   8 231 255
255 231   8  88 255 109   0 207 255 255 255 255  99   8 231 255
255 231   8  88 255 195 151 235 255 255 195 109  42   8 231 255
255 231   8  88 255 255 255 255 255 255 151   0   0   8 231 255
255 231   8  88 255 255 255 255 255 255 235 207  80   8 231 255
255 231   8  88 255 255 255 255 246 207 207 207  80   8 231 255
255 231   8  88 255 255 255 255 207   0   0   0   0   8 231 255
255 231   8  88 255 195 151 235 207   0  47 109  42   8 231 255
255 231   8  88 255 109   0 207 207   0 109 255  99   8 231 255
255 231   8  30  88  38   0  71  71   0  38  88  34   8 231 255
255 231  15   8   8   8   8   8   8   8   8   8   8  15 231 255
255 253 231 231 231 231 231 231 231 231 231 231 231 231 253 255
255 255 255 255 255 255 255 255 255 255 255 255 255 255 255 255

255 255 255 255 255 255 255 255 255 255 255 255 255 255 255 255
255 249 219 218 218 218 218 218 218 218 218 218 218 220 253 255
255 219   7   3   3   3   3   3   3   3   3   3   3  15 243 255
255 218   3  45 108  43   0  91  84   0  49 108  33  11 242 255
255 218   3 108 255 100   0 215 199   0 116 255  79  11 242 255
255 218   3 108 255 192 150 238 199   0  50 108  33  11 242 255
255 218   3 108 255 255 255 255 199   0   0   0   0  11 242 255
255 218   3 108 255 255 255 255 246 215 215 215  66  11 242 255
255 218   3  84 199 233 255 255 255 255 230 199  61  11 242 255
255 218   3   0   0 158 255 255 255 255 143   0   0  11 242 255
255 218   3  46 108 199 255 255 255 255 191 108  33  11 242 255
255 218   3 108 255 255 255 255 255 255 255 255  79  11 242 255
255 218   3  37  88  88  88  88  88  88  88  88  27  11 242 255
255 219  11   7   7   7   7   7   7   7   7   7   7  18 243 255
255 251 231 230 230 230 230 230 230 230 230 230 230 231 253 255
255 255 255 255 255 255 255 255 255 255 255 255 255 255 255 255
255 255 255 255 255 255 255 255 255 255 255 255 255 255 255 255
255 249 219 218 218 218 218 218 218 218 218 218 218 220 253 255
255 219   7   3   3   3   3   3   3   3   3   3   3  15 243 255
255 218   3  45 108  43   0  91  84   0  49 108  33  11 242 255
255 218   3 108 255 100   0 215 199   0 116 255  79  11 242 255
255 218   3 108 255 192 150 238 199   0  50 108  33  11 242 255
255 218   3 108 255 255 255 255 199   0   0   0   0  11 242 255
255 218   3 108 255 255 255 255 246 215 215 215  66  11 242 255
255 218   3  84 199 233 255 255 255 255 230 199  61  11 242 255
255 218   3   0   0 158 255 255 255 255 143   0   0  11 242 255
255 218   3  46 108 199 255 255 255 255 191 108  33  11 242 255
255 218   3 108 255 255 255 255 255 255 255 255  79  11 242 255
255 218   3  37  88  88  88  88  88  88  88  88  27  11 242 255
255 219  11   7   7   7   7   7   7   7   7   7   7  18 243 255
255 251 231 230 230 230 230 230 230 230 230 230 230 231 253 255
255 255 255 255 255 255 255 255 255 255 255 255 255 255 255 255
255 255 255 255 255 255 255 255 255 255 255 255 255 255 255 255
255 249 219 218 218 218 218 218 218 218 218 218 218 220 253 255
255 219   7   3   3   3   3   3   3   3   3   3   3  15 243 255
255 218   3  45 108  43   0  91  84   0  49 108  33  11 242 255
255 218   3 108 255 100   0 215 199   0 116 255  79  11 242 255
255 218   3 108 255 192 150 238 199   0  50 108  33  11 242 255
255 218   3 108 255 255 255 255 199   0   0   0   0  11 242 255
255 218   3 108 255 255 255 255 246 215 215 215  66  11 242 255
255 218   3  84 199 233 255 255 255 255 230 199  61  11 242 255
255 218   3   0   0 158 255 255 255 255 143   0   0  11 242 255
255 218   3  46 108 199 255 255 255 255 191 108  33  11 242 255
255 218   3 108 255 255 255 255 255 255 255 255  79  11 242 255
255 218   3  37  88  88  88  88  88  88  88  88  27  11 242 255
255 219  11   7   7   7   7   7   7   7   7   7   7  18 243 255
255 251 231 230 230 230 230 230 230 230 230 230 230 231 253 255
255 255 255 255 255 255 255 255 255 255 255 255 255 255 255 255

255 255 255 255 255 255 255 255 255 255 255 255 255 255 255 255
255 253 231 231 231 231 231 231 231 231 231 231 231 231 253 255
255 231  15   8   8   8   8   8   8   8   8   8   8  15 231 255
255 231   8  34  88  38   0  71  71   0  38  88  30   8 231 255
255 231   8  99 255 109   0 207 207   0 109 255  88   8 231 255
255 231   8  42 109  47   0 207 235 151 195 255  88   8 231 255
255 231   8   0   0   0   0 207 255 255 255 255  88   8 231 255
255 231   8  80 207 207 207 246 255 255 255 255  88   8 231 255
255 231   8  80 207 235 255 255 255 255 255 255  88   8 231 255
255 231   8   0   0 151 255 255 255 255 255 255  88   8 231 255
255 231   8  42 109 195 255 255 235 151 195 255  88   8 231 255
255 231   8  99 255 255 255 255 207   0 109 255  88   8 231 255
255 231   8  38  99  99  99  99  80   0  42  99  34   8 231 255
255 231  15   8   8   8   8   8   8   8   8   8   8  15 231 255
255 253 231 231 231 231 231 231 231 231 231 231 231 231 253 255
255 255 255 255 255 255 255 255 255 255 255 255 255 255 255 255
255 255 255 255 255 255 255 255 255 255 255 255 255 255 255 255
255 253 231 231 231 231 231 231 231 231 231 231 231 231 253 255
255 231  15   8   8   8   8   8   8   8   8   8   8  15 231 255
255 231   8  34  88  38   0  71  71   0  38  88  30   8 231 255
255 231   8  99 255 109   0 207 207   0 109 255  88   8 231 255
255 231   8  42 109  47   0 207 235 151 195 255  88   8 231 255
255 231   8   0   0   0   0 207 255 255 255 255  88   8 231 255
255 231   8  80 207 207 207 246 255 255 255 255  88   8 231 255
255 231   8  80 207 235 255 255 255 255 255 255  88   8 231 255
255 231   8   0   0 151 255 255 255 255 255 255  88   8 231 255
255 231   8  42 109 195 255 255 235 151 195 255  88   8 231 255
255 231   8  99 255 255 255 255 207   0 109 255  88   8 231 255
255 231   8  38  99  99  99  99  80   0  42  99  34   8 231 255
255 231  15   8   8   8   8   8   8   8   8   8   8  15 231 255
255 253 231 231 231 231 231 231 231 231 231 231 231 231 253 255
255 255 255 255 255 255 255 255 255 255 255 255 255 255 255 255
255 255 255 255 255 255 255 255 255 255 255 255 255 255 255 255
255 253 231 231 231 231 231 231 231 231 231 231 231 231 253 255
255 231  15   8   8   8   8   8   8   8   8   8   8  15 231 255
255 231   8  34  88  38   0  71  71   0  38  88  30   8 231 255
255 231   8  99 255 109   0 207 207   0 109 255  88   8 231 255
255 231   8  42 109  47   0 207 235 151 195 255  88   8 231 255
255 231   8   0   0   0   0 207 255 255 255 255  88   8 231 255
255 231   8  80 207 207 207 246 255 255 255 255  88   8 231 255
255 231   8  80 207 235 255 255 255 255 255 255  88   8 231 255
255 231   8   0   0 151 255 255 255 255 255 255  88   8 231 255
255 231   8  42 109 195 255 255 235 151 195 255  88   8 231 255
255 231   8  99 255 255 255 255 207   0 109 255  88   8 231 255
255 231   8  38  99  99  99  99  80   0  42  99  34   8 231 255
255 231  15   8   8   8   8   8   8   8   8   8   8  15 231 255
255 253 231 231 231 231 231 231 231 231 231 231 231 231 253 255
255 255 255 255 255 255 255 255 255 255 255 255 255 255 255 255
